  -21.890000000000001     
  -21.670000000000002     
  -21.449999999999996     
  -21.229999999999997     
  -21.009999999999998     
  -20.789999999999999     
  -20.570000000000000     
  -20.350000000000001     
  -20.129999999999995     
  -19.909999999999997     
  -19.689999999999998     
  -19.469999999999999     
  -19.250000000000000     
  -19.030000000000001     
  -18.810000000000002     
  -18.590000000000003     
  -18.369999999999997     
  -18.149999999999999     
  -17.930000000000000     
  -17.710000000000001     
  -17.490000000000002     
  -17.269999999999996     
  -17.049999999999997     
  -16.829999999999998     
  -16.609999999999999     
  -16.390000000000001     
  -16.170000000000002     
  -15.949999999999998     
  -15.729999999999999     
  -15.510000000000000     
  -15.290000000000001     
  -15.070000000000002     
  -14.850000000000000     
  -14.630000000000001     
  -14.410000000000002     
  -14.190000000000000     
  -13.970000000000001     
  -13.750000000000002     
  -13.529999999999999     
  -13.310000000000000     
  -13.089999999999998     
  -12.869999999999999     
  -12.650000000000000     
  -12.429999999999998     
  -12.209999999999999     
  -11.990000000000000     
  -11.769999999999998     
  -11.549999999999999     
  -11.330000000000000     
  -11.109999999999998     
  -10.889999999999999     
  -10.669999999999998     
  -10.449999999999998     
  -10.229999999999999     
  -10.009999999999998     
  -9.7899999999999974     
  -9.5699999999999967     
  -9.3499999999999979     
  -9.1300000000000008     
  -8.9100000000000001     
  -8.6899999999999995     
  -8.4699999999999989     
  -8.2500000000000000     
  -8.0299999999999994     
  -7.8099999999999987     
  -7.5899999999999999     
  -7.3699999999999992     
  -7.1499999999999986     
  -6.9299999999999979     
  -6.7099999999999991     
  -6.4899999999999984     
  -6.2699999999999978     
  -6.0499999999999989     
  -5.8299999999999983     
  -5.6099999999999994     
  -5.3900000000000006     
  -5.1699999999999999     
  -4.9500000000000011     
  -4.7300000000000004     
  -4.5099999999999998     
  -4.2900000000000009     
  -4.0700000000000003     
  -3.8499999999999996     
  -3.6299999999999990     
  -3.4100000000000001     
  -3.1899999999999995     
  -2.9699999999999989     
  -2.7499999999999991     
  -2.5299999999999985     
  -2.3099999999999987     
  -2.0899999999999990     
  -1.8699999999999983     
  -1.6499999999999986     
  -1.4299999999999979     
  -1.2099999999999982     
 -0.98999999999999755     
 -0.76999999999999957     
 -0.55000000000000071     
 -0.33000000000000007     
 -0.11000000000000032     
