  -21.890000000000001     
  -21.669999999999998     
  -21.449999999999999     
  -21.230000000000000     
  -21.009999999999998     
  -20.789999999999999     
  -20.570000000000000     
  -20.349999999999998     
  -20.129999999999999     
  -19.909999999999997     
  -19.689999999999998     
  -19.469999999999999     
  -19.250000000000000     
  -19.030000000000001     
  -18.810000000000002     
  -18.590000000000000     
  -18.370000000000001     
  -18.149999999999999     
  -17.930000000000000     
  -17.710000000000001     
  -17.489999999999998     
  -17.270000000000000     
  -17.050000000000001     
  -16.829999999999998     
  -16.609999999999999     
  -16.390000000000001     
  -16.169999999999998     
  -15.949999999999999     
  -15.729999999999997     
  -15.509999999999998     
  -15.290000000000003     
  -15.070000000000000     
  -14.850000000000001     
  -14.630000000000003     
  -14.410000000000000     
  -14.190000000000001     
  -13.969999999999999     
  -13.750000000000000     
  -13.530000000000001     
  -13.309999999999999     
  -13.090000000000000     
  -12.870000000000001     
  -12.649999999999999     
  -12.430000000000000     
  -12.210000000000001     
  -11.989999999999998     
  -11.770000000000000     
  -11.549999999999997     
  -11.329999999999998     
  -11.109999999999999     
  -10.889999999999997     
  -10.669999999999998     
  -10.449999999999996     
  -10.229999999999997     
  -10.009999999999998     
  -9.7899999999999956     
  -9.5699999999999967     
  -9.3499999999999979     
  -9.1299999999999990     
  -8.9100000000000001     
  -8.6899999999999977     
  -8.4699999999999989     
  -8.2500000000000000     
  -8.0299999999999976     
  -7.8099999999999978     
  -7.5899999999999990     
  -7.3699999999999983     
  -7.1499999999999977     
  -6.9299999999999988     
  -6.7099999999999982     
  -6.4899999999999975     
  -6.2699999999999969     
  -6.0499999999999980     
  -5.8299999999999974     
  -5.6099999999999985     
  -5.3899999999999997     
  -5.1699999999999990     
  -4.9500000000000002     
  -4.7299999999999995     
  -4.5099999999999989     
  -4.2900000000000000     
  -4.0699999999999994     
  -3.8499999999999988     
  -3.6299999999999981     
  -3.4099999999999993     
  -3.1899999999999986     
  -2.9699999999999989     
  -2.7499999999999982     
  -2.5299999999999985     
  -2.3099999999999978     
  -2.0899999999999981     
  -1.8699999999999974     
  -1.6499999999999977     
  -1.4299999999999979     
  -1.2099999999999973     
 -0.98999999999999755     
 -0.76999999999999869     
 -0.54999999999999982     
 -0.33000000000000007     
 -0.10999999999999943     
