   204.24241556481567     
   612.72724669444699     
   1021.2120778240783     
   1429.6969089537097     
   1838.1817400833411     
   2246.6665712129725     
   2655.1514023426034     
   3063.6362334722353     
   3472.1210646018662     
   3880.6058957314981     
   4289.0907268611290     
   4697.5755579907600     
   5106.0603891203918     
   5514.5452202500237     
   5923.0300513796547     
   6331.5148825092856     
   6739.9997136389175     
   7148.4845447685484     
   7556.9693758981794     
   7965.4542070278112     
   8373.9390381574431     
   8782.4238692870749     
   9190.9087004167050     
   9599.3935315463368     
   10007.878362675969     
   10416.363193805599     
   10824.848024935231     
   11233.332856064862     
   11641.817687194492     
   12050.302518324126     
   12458.787349453756     
   12867.272180583386     
   13275.757011713020     
   13684.241842842650     
   14092.726673972280     
   14501.211505101914     
   14909.696336231544     
   15318.181167361176     
   15726.665998490807     
   16135.150829620437     
   16543.635660750071     
   16952.120491879701     
   17360.605323009331     
   17769.090154138961     
   18177.574985268595     
   18586.059816398229     
   18994.544647527859     
   19403.029478657489     
   19811.514309787119     
   20219.999140916752     
   20628.483972046382     
   21036.968803176016     
   21445.453634305646     
   21853.938465435276     
   22262.423296564906     
   22670.908127694540     
   23079.392958824170     
   23487.877789953804     
   23896.362621083434     
   24304.847452213064     
   24713.332283342697     
   25121.817114472327     
   25530.301945601961     
   25938.786776731591     
   26347.271607861221     
   26755.756438990851     
   27164.241270120485     
   27572.726101250115     
   27981.210932379749     
   28389.695763509379     
   28798.180594639009     
   29206.665425768642     
   29615.150256898272     
   30023.635088027906     
   30432.119919157536     
   30840.604750287166     
   31249.089581416796     
   31657.574412546430     
   32066.059243676060     
   32474.544074805694     
   32883.028905935324     
   33291.513737064961     
   33699.998568194584     
   34108.483399324221     
   34516.968230453844     
   34925.453061583481     
   35333.937892713111     
   35742.422723842741     
   36150.907554972378     
   36559.392386102001     
   36967.877217231638     
   37376.362048361269     
   37784.846879490899     
   38193.331710620536     
   38601.816541750159     
   39010.301372879796     
   39418.786204009419     
   39827.271035139056     
   40235.755866268693     
   40644.240697398316     
