  -21.890000000000001     
  -21.669999999999998     
  -21.449999999999999     
  -21.230000000000000     
  -21.009999999999998     
  -20.789999999999999     
  -20.569999999999997     
  -20.349999999999998     
  -20.129999999999999     
  -19.909999999999997     
  -19.690000000000001     
  -19.469999999999999     
  -19.250000000000000     
  -19.030000000000001     
  -18.809999999999999     
  -18.590000000000000     
  -18.370000000000001     
  -18.149999999999999     
  -17.930000000000000     
  -17.710000000000001     
  -17.489999999999998     
  -17.270000000000000     
  -17.050000000000001     
  -16.829999999999998     
  -16.609999999999999     
  -16.389999999999997     
  -16.169999999999998     
  -15.949999999999999     
  -15.729999999999997     
  -15.509999999999998     
  -15.289999999999999     
  -15.069999999999997     
  -14.849999999999998     
  -14.629999999999999     
  -14.409999999999997     
  -14.189999999999998     
  -13.969999999999995     
  -13.750000000000000     
  -13.530000000000001     
  -13.309999999999999     
  -13.090000000000000     
  -12.870000000000001     
  -12.649999999999999     
  -12.430000000000000     
  -12.209999999999997     
  -11.989999999999998     
  -11.770000000000000     
  -11.549999999999997     
  -11.329999999999998     
  -11.110000000000003     
  -10.890000000000001     
  -10.670000000000002     
  -10.450000000000001     
  -10.230000000000000     
  -10.010000000000000     
  -9.7900000000000009     
  -9.5700000000000003     
  -9.3499999999999996     
  -9.1300000000000008     
  -8.9100000000000001     
  -8.6899999999999995     
  -8.4699999999999989     
  -8.2500000000000000     
  -8.0299999999999994     
  -7.8099999999999987     
  -7.5899999999999999     
  -7.3699999999999992     
  -7.1499999999999986     
  -6.9299999999999979     
  -6.7099999999999991     
  -6.4899999999999984     
  -6.2699999999999978     
  -6.0499999999999972     
  -5.8299999999999983     
  -5.6099999999999994     
  -5.3900000000000006     
  -5.1699999999999999     
  -4.9500000000000011     
  -4.7300000000000004     
  -4.5099999999999998     
  -4.2899999999999991     
  -4.0700000000000003     
  -3.8499999999999996     
  -3.6299999999999990     
  -3.4100000000000001     
  -3.1899999999999995     
  -2.9699999999999989     
  -2.7499999999999991     
  -2.5299999999999985     
  -2.3099999999999987     
  -2.0899999999999981     
  -1.8699999999999983     
  -1.6499999999999986     
  -1.4299999999999979     
  -1.2099999999999982     
 -0.98999999999999755     
 -0.76999999999999957     
 -0.55000000000000071     
 -0.33000000000000007     
 -0.11000000000000032     
