  -21.890000000000001     
  -21.669999999999995     
  -21.449999999999996     
  -21.229999999999997     
  -21.009999999999998     
  -20.789999999999999     
  -20.569999999999993     
  -20.349999999999994     
  -20.129999999999995     
  -19.909999999999997     
  -19.689999999999998     
  -19.469999999999999     
  -19.250000000000000     
  -19.030000000000001     
  -18.809999999999995     
  -18.589999999999996     
  -18.369999999999997     
  -18.149999999999999     
  -17.930000000000000     
  -17.710000000000001     
  -17.489999999999995     
  -17.269999999999996     
  -17.049999999999997     
  -16.829999999999998     
  -16.609999999999999     
  -16.390000000000001     
  -16.170000000000002     
  -15.950000000000001     
  -15.729999999999999     
  -15.510000000000000     
  -15.289999999999997     
  -15.069999999999999     
  -14.850000000000000     
  -14.629999999999997     
  -14.409999999999998     
  -14.190000000000000     
  -13.969999999999997     
  -13.749999999999998     
  -13.529999999999999     
  -13.309999999999997     
  -13.089999999999998     
  -12.869999999999999     
  -12.649999999999997     
  -12.430000000000001     
  -12.209999999999999     
  -11.990000000000000     
  -11.770000000000001     
  -11.549999999999999     
  -11.330000000000000     
  -11.109999999999998     
  -10.889999999999999     
  -10.670000000000000     
  -10.449999999999999     
  -10.230000000000002     
  -10.010000000000002     
  -9.7900000000000009     
  -9.5700000000000021     
  -9.3500000000000014     
  -9.1300000000000008     
  -8.9100000000000001     
  -8.6900000000000013     
  -8.4700000000000006     
  -8.2500000000000000     
  -8.0300000000000011     
  -7.8100000000000005     
  -7.5899999999999999     
  -7.3699999999999992     
  -7.1500000000000004     
  -6.9299999999999997     
  -6.7099999999999991     
  -6.4900000000000002     
  -6.2699999999999996     
  -6.0500000000000007     
  -5.8300000000000018     
  -5.6100000000000012     
  -5.3900000000000023     
  -5.1700000000000017     
  -4.9500000000000011     
  -4.7300000000000022     
  -4.5100000000000016     
  -4.2900000000000009     
  -4.0700000000000003     
  -3.8500000000000014     
  -3.6300000000000008     
  -3.4100000000000001     
  -3.1899999999999995     
  -2.9700000000000006     
  -2.7500000000000018     
  -2.5300000000000029     
  -2.3100000000000032     
  -2.0900000000000025     
  -1.8700000000000028     
  -1.6500000000000021     
  -1.4300000000000024     
  -1.2100000000000017     
 -0.99000000000000199     
 -0.77000000000000224     
 -0.55000000000000160     
 -0.33000000000000185     
 -0.11000000000000121     
