  -21.890000000000001     
  -21.669999999999998     
  -21.449999999999999     
  -21.230000000000000     
  -21.009999999999998     
  -20.789999999999999     
  -20.570000000000000     
  -20.349999999999998     
  -20.129999999999999     
  -19.910000000000000     
  -19.690000000000001     
  -19.470000000000002     
  -19.250000000000000     
  -19.030000000000001     
  -18.810000000000002     
  -18.590000000000000     
  -18.370000000000001     
  -18.150000000000002     
  -17.930000000000000     
  -17.710000000000001     
  -17.489999999999998     
  -17.270000000000000     
  -17.050000000000001     
  -16.829999999999998     
  -16.609999999999999     
  -16.390000000000001     
  -16.169999999999998     
  -15.949999999999999     
  -15.730000000000000     
  -15.509999999999998     
  -15.289999999999999     
  -15.070000000000000     
  -14.849999999999998     
  -14.629999999999999     
  -14.409999999999997     
  -14.189999999999998     
  -13.969999999999999     
  -13.750000000000000     
  -13.530000000000001     
  -13.310000000000002     
  -13.090000000000000     
  -12.870000000000001     
  -12.649999999999999     
  -12.430000000000000     
  -12.210000000000001     
  -11.989999999999998     
  -11.770000000000000     
  -11.550000000000001     
  -11.329999999999998     
  -11.110000000000003     
  -10.890000000000001     
  -10.670000000000002     
  -10.449999999999999     
  -10.230000000000000     
  -10.010000000000002     
  -9.7899999999999991     
  -9.5700000000000003     
  -9.3500000000000014     
  -9.1299999999999990     
  -8.9100000000000001     
  -8.6900000000000013     
  -8.4699999999999989     
  -8.2500000000000000     
  -8.0299999999999976     
  -7.8099999999999996     
  -7.5899999999999990     
  -7.3699999999999983     
  -7.1499999999999995     
  -6.9299999999999988     
  -6.7099999999999982     
  -6.4899999999999975     
  -6.2699999999999987     
  -6.0499999999999980     
  -5.8299999999999974     
  -5.6099999999999985     
  -5.3899999999999997     
  -5.1700000000000008     
  -4.9500000000000002     
  -4.7299999999999995     
  -4.5100000000000007     
  -4.2900000000000000     
  -4.0699999999999994     
  -3.8499999999999988     
  -3.6299999999999999     
  -3.4099999999999993     
  -3.1899999999999986     
  -2.9699999999999989     
  -2.7499999999999991     
  -2.5299999999999985     
  -2.3099999999999987     
  -2.0899999999999981     
  -1.8699999999999983     
  -1.6499999999999977     
  -1.4299999999999979     
  -1.2099999999999982     
 -0.98999999999999755     
 -0.76999999999999869     
 -0.55000000000000071     
 -0.33000000000000007     
 -0.11000000000000032     
